XGBoost Metrics and Diagnostics
================================
Macro ROC AUC (test): 0.7959296742620563
CV Macro AUC (mean): 0.7548
CV Macro AUC (per fold): [0.8112708405173805, 0.7829378476177804, 0.7651713198083526, 0.7647326015792016, 0.6498987387157583]

Confusion Matrix (rows=True, cols=Pred):
[[70  7  2  3  0]
 [11 28  5  8  1]
 [ 2  7  6  7  0]
 [ 4  8  2  5  2]
 [ 0  0  2  4  0]]

--- Feature Importances (Top 50) ---
        feature  importance
             cp    0.177364
            sex    0.104714
          exang    0.095580
             ca    0.081688
            fbs    0.064942
thal_reversible    0.061044
        oldpeak    0.060542
           chol    0.059691
     thal_fixed    0.058898
            age    0.051793
          slope    0.050355
         thalch    0.046739
        restecg    0.046718
       trestbps    0.039932

--- VIF ---
        feature      vif
         thalch 1.628567
          exang 1.445855
            age 1.412883
             cp 1.305371
             ca 1.282388
        oldpeak 1.269250
           chol 1.225579
thal_reversible 1.205368
          slope 1.171401
       trestbps 1.143258
        restecg 1.143141
            sex 1.115032
            fbs 1.098317
     thal_fixed 1.061096

--- Correlations (head) ---
                   age    sex     cp  trestbps   chol    fbs  restecg  thalch  exang  oldpeak  slope     ca  thal_fixed  thal_reversible  target
age              1.000 -0.050  0.146     0.236 -0.067  0.209    0.181  -0.352  0.162    0.236  0.046  0.219       0.018            0.129   0.345
sex             -0.050  1.000 -0.166     0.034  0.200 -0.067    0.013   0.188 -0.129   -0.083  0.065  0.057      -0.079           -0.129  -0.245
cp               0.146 -0.166  1.000     0.015 -0.135  0.011    0.016  -0.338  0.399    0.220 -0.069  0.098       0.045            0.156   0.376
trestbps         0.236  0.034  0.015     1.000  0.146  0.135    0.112  -0.104  0.162    0.161 -0.068  0.035       0.014            0.096   0.093
chol            -0.067  0.200 -0.135     0.146  1.000  0.101    0.132   0.264 -0.030    0.056 -0.026  0.174      -0.018           -0.026  -0.246
fbs              0.209 -0.067  0.011     0.135  0.101  1.000    0.127  -0.005 -0.004    0.038 -0.027  0.056       0.098            0.049   0.138
restecg          0.181  0.013  0.016     0.112  0.132  0.127    1.000   0.109  0.006    0.125  0.097  0.237       0.048            0.133   0.136
thalch          -0.352  0.188 -0.338    -0.104  0.264 -0.005    0.109   1.000 -0.342   -0.158  0.293  0.028      -0.047           -0.095  -0.348
exang            0.162 -0.129  0.399     0.162 -0.030 -0.004    0.006  -0.342  1.000    0.371 -0.114  0.045       0.031            0.212   0.329
oldpeak          0.236 -0.083  0.220     0.161  0.056  0.038    0.125  -0.158  0.371    1.000 -0.015  0.214       0.021            0.183   0.422
slope            0.046  0.065 -0.069    -0.068 -0.026 -0.027    0.097   0.293 -0.114   -0.015  1.000  0.134      -0.074            0.011  -0.099
ca               0.219  0.057  0.098     0.035  0.174  0.056    0.237   0.028  0.045    0.214  0.134  1.000       0.061            0.274   0.296
thal_fixed       0.018 -0.079  0.045     0.014 -0.018  0.098    0.048  -0.047  0.031    0.021 -0.074  0.061       1.000           -0.123   0.120
thal_reversible  0.129 -0.129  0.156     0.096 -0.026  0.049    0.133  -0.095  0.212    0.183  0.011  0.274      -0.123            1.000   0.283
target           0.345 -0.245  0.376     0.093 -0.246  0.138    0.136  -0.348  0.329    0.422 -0.099  0.296       0.120            0.283   1.000